{
    "1_CC32871A004.png": {
        "focal_length": [
            2365.44,
            2365.44
        ],
        "image_center": [
            2047.5,
            1499.5
        ],
        "translation": [
            89.6453,
            540.663,
            1289.59
        ],
        "camera_pos": [
            -1099.72,
            -80.285,
            -864.622
        ],
        "quaternion": [
            -0.557636,
            0.432278,
            0.424933,
            0.567106
        ],
        "rotation": [
            [
                -0.00435514,
                0.999856,
                0.0163785
            ],
            [
                -0.265099,
                -0.0169471,
                0.964072
            ],
            [
                0.964211,
                -0.000143262,
                0.265134
            ]
        ]
    },
    "1_CC32871A005.png": {
        "focal_length": [
            2365.44,
            2365.44
        ],
        "image_center": [
            2047.5,
            1499.5
        ],
        "translation": [
            -20.1328,
            538.257,
            1254.57
        ],
        "camera_pos": [
            355.972,
            998.13,
            -860.875
        ],
        "quaternion": [
            -0.788223,
            0.594615,
            -0.0980483,
            -0.1246
        ],
        "rotation": [
            [
                0.949723,
                -0.313027,
                0.00638994
            ],
            [
                0.0798229,
                0.261817,
                0.961811
            ],
            [
                -0.302745,
                -0.912944,
                0.27364
            ]
        ]
    },
    "1_CC32871A006.png": {
        "focal_length": [
            2365.44,
            2365.44
        ],
        "image_center": [
            2047.5,
            1499.5
        ],
        "translation": [
            -76.2458,
            491.013,
            1478.69
        ],
        "camera_pos": [
            788.181,
            -749.228,
            -1118.42
        ],
        "quaternion": [
            0.33103,
            -0.229173,
            0.466772,
            0.787415
        ],
        "rotation": [
            [
                -0.675798,
                -0.735259,
                -0.0518777
            ],
            [
                0.307372,
                -0.345086,
                0.886813
            ],
            [
                -0.669939,
                0.583361,
                0.459207
            ]
        ]
    },
    "1_CC32871A008.png": {
        "focal_length": [
            2365.44,
            2365.44
        ],
        "image_center": [
            2047.5,
            1499.5
        ],
        "translation": [
            7.38265,
            373.563,
            1205.8
        ],
        "camera_pos": [
            -1108.92,
            -78.6752,
            -598.055
        ],
        "quaternion": [
            -0.544974,
            0.427638,
            0.469945,
            0.547066
        ],
        "rotation": [
            [
                -0.040259,
                0.998206,
                -0.044323
            ],
            [
                -0.194342,
                0.0356892,
                0.980284
            ],
            [
                0.980107,
                0.0480791,
                0.192556
            ]
        ]
    },
    "1_CC32871A009.png": {
        "focal_length": [
            2365.44,
            2365.44
        ],
        "image_center": [
            2047.5,
            1499.5
        ],
        "translation": [
            -21.9598,
            579.194,
            1440.42
        ],
        "camera_pos": [
            -476.922,
            961.111,
            -1122.3
        ],
        "quaternion": [
            -0.814528,
            0.526434,
            0.127615,
            0.207669
        ],
        "rotation": [
            [
                0.881176,
                0.472666,
                0.0107569
            ],
            [
                -0.203943,
                0.359481,
                0.910593
            ],
            [
                0.42654,
                -0.804587,
                0.413163
            ]
        ]
    },
    "1_CC32871A010.png": {
        "focal_length": [
            2365.44,
            2365.44
        ],
        "image_center": [
            2047.5,
            1499.5
        ],
        "translation": [
            -8.74996,
            524.44,
            1132.99
        ],
        "camera_pos": [
            -823.912,
            717.958,
            -603.718
        ],
        "quaternion": [
            -0.652362,
            0.622761,
            0.275722,
            0.332521
        ],
        "rotation": [
            [
                0.626814,
                0.777266,
                0.0544212
            ],
            [
                -0.0904299,
                0.00319682,
                0.995898
            ],
            [
                0.773903,
                -0.629164,
                0.0722919
            ]
        ]
    },
    "1_CC32871A012.png": {
        "focal_length": [
            2365.44,
            2365.44
        ],
        "image_center": [
            2047.5,
            1499.5
        ],
        "translation": [
            -68.9203,
            477.05,
            1466.95
        ],
        "camera_pos": [
            966.204,
            447.045,
            -1118.43
        ],
        "quaternion": [
            -0.726919,
            0.442896,
            -0.257592,
            -0.457252
        ],
        "rotation": [
            [
                0.449135,
                -0.892942,
                -0.0305336
            ],
            [
                0.436597,
                0.189528,
                0.879467
            ],
            [
                -0.779526,
                -0.40833,
                0.474979
            ]
        ]
    },
    "1_CC32871A013.png": {
        "focal_length": [
            2365.44,
            2365.44
        ],
        "image_center": [
            2047.5,
            1499.5
        ],
        "translation": [
            -67.704,
            502.56,
            1314.37
        ],
        "camera_pos": [
            -1003.03,
            -488.958,
            -859.979
        ],
        "quaternion": [
            -0.402066,
            0.301335,
            0.514765,
            0.694663
        ],
        "rotation": [
            [
                -0.49508,
                0.868834,
                0.00471431
            ],
            [
                -0.248367,
                -0.14672,
                0.95749
            ],
            [
                0.832592,
                0.472863,
                0.288428
            ]
        ]
    },
    "1_CC32871A014.png": {
        "focal_length": [
            2365.44,
            2365.44
        ],
        "image_center": [
            2047.5,
            1499.5
        ],
        "translation": [
            -65.3403,
            620.973,
            1427.64
        ],
        "camera_pos": [
            -65.2909,
            1078.97,
            -1122.32
        ],
        "quaternion": [
            -0.831297,
            0.554189,
            0.0426484,
            -0.000345613
        ],
        "rotation": [
            [
                0.996362,
                0.046696,
                -0.0712901
            ],
            [
                0.0478452,
                0.385748,
                0.921363
            ],
            [
                0.070524,
                -0.921422,
                0.382111
            ]
        ]
    },
    "1_CC32871A015.png": {
        "focal_length": [
            2365.44,
            2365.44
        ],
        "image_center": [
            2047.5,
            1499.5
        ],
        "translation": [
            -6.97059,
            445.577,
            1182.97
        ],
        "camera_pos": [
            41.9096,
            -1115.03,
            -594.111
        ],
        "quaternion": [
            0.00820323,
            -0.0175713,
            0.659825,
            0.751169
        ],
        "rotation": [
            [
                -0.999248,
                -0.035512,
                -0.0155726
            ],
            [
                -0.0108639,
                -0.129127,
                0.991569
            ],
            [
                -0.0372234,
                0.990992,
                0.128644
            ]
        ]
    },
    "1_CC32871A016.png": {
        "focal_length": [
            2365.44,
            2365.44
        ],
        "image_center": [
            2047.5,
            1499.5
        ],
        "translation": [
            -44.5053,
            538.485,
            1110.05
        ],
        "camera_pos": [
            721.934,
            799.127,
            -603.628
        ],
        "quaternion": [
            -0.677137,
            0.647436,
            -0.227244,
            -0.265841
        ],
        "rotation": [
            [
                0.755377,
                -0.654274,
                -0.0364801
            ],
            [
                0.0657701,
                0.0203091,
                0.997628
            ],
            [
                -0.651981,
                -0.755985,
                0.0583727
            ]
        ]
    },
    "1_CC32871A017.png": {
        "focal_length": [
            2365.44,
            2365.44
        ],
        "image_center": [
            2047.5,
            1499.5
        ],
        "translation": [
            -87.5709,
            492.09,
            1295.77
        ],
        "camera_pos": [
            1016.36,
            -396.744,
            -859.327
        ],
        "quaternion": [
            0.478183,
            -0.353766,
            0.473887,
            0.649323
        ],
        "rotation": [
            [
                -0.29238,
                -0.956282,
                -0.00620724
            ],
            [
                0.285701,
                -0.0935427,
                0.953743
            ],
            [
                -0.912628,
                0.277082,
                0.30056
            ]
        ]
    },
    "1_CC32871A018.png": {
        "focal_length": [
            2365.44,
            2365.44
        ],
        "image_center": [
            2047.5,
            1499.5
        ],
        "translation": [
            -122.396,
            541.9,
            1451.41
        ],
        "camera_pos": [
            724.414,
            795.455,
            -1121.48
        ],
        "quaternion": [
            -0.792916,
            0.509407,
            -0.156409,
            -0.295508
        ],
        "rotation": [
            [
                0.776423,
                -0.627978,
                -0.0530301
            ],
            [
                0.309275,
                0.306359,
                0.900274
            ],
            [
                -0.549106,
                -0.715394,
                0.432082
            ]
        ]
    },
    "1_CC32871A019.png": {
        "focal_length": [
            2365.44,
            2365.44
        ],
        "image_center": [
            2047.5,
            1499.5
        ],
        "translation": [
            -26.4984,
            485.976,
            1500.89
        ],
        "camera_pos": [
            -1105.08,
            -77.1858,
            -1123.56
        ],
        "quaternion": [
            -0.59653,
            0.344438,
            0.388532,
            0.612011
        ],
        "rotation": [
            [
                -0.0510291,
                0.997816,
                -0.0419423
            ],
            [
                -0.462516,
                0.0136101,
                0.886506
            ],
            [
                0.885141,
                0.0646366,
                0.460811
            ]
        ]
    },
    "1_CC32871A020.png": {
        "focal_length": [
            2365.44,
            2365.44
        ],
        "image_center": [
            2047.5,
            1499.5
        ],
        "translation": [
            -139.429,
            478.38,
            1492.25
        ],
        "camera_pos": [
            -1044.08,
            357.33,
            -1121.3
        ],
        "quaternion": [
            -0.664632,
            0.399649,
            0.326007,
            0.540615
        ],
        "rotation": [
            [
                0.202909,
                0.979197,
                -0.00123601
            ],
            [
                -0.458043,
                0.0960312,
                0.883728
            ],
            [
                0.865462,
                -0.178751,
                0.468
            ]
        ]
    },
    "1_CC32871A021.png": {
        "focal_length": [
            2365.44,
            2365.44
        ],
        "image_center": [
            2047.5,
            1499.5
        ],
        "translation": [
            -111.658,
            493.334,
            1475.81
        ],
        "camera_pos": [
            1077.16,
            40.4753,
            -1127.8
        ],
        "quaternion": [
            -0.613531,
            0.398019,
            -0.331218,
            -0.596201
        ],
        "rotation": [
            [
                0.0696786,
                -0.995237,
                -0.0681728
            ],
            [
                0.467913,
                -0.0277483,
                0.883339
            ],
            [
                -0.881023,
                -0.0934488,
                0.463751
            ]
        ]
    },
    "1_CC32871A022.png": {
        "focal_length": [
            2365.44,
            2365.44
        ],
        "image_center": [
            2047.5,
            1499.5
        ],
        "translation": [
            -4.26406,
            498.169,
            1175.38
        ],
        "camera_pos": [
            -380.089,
            -1061.4,
            -598.905
        ],
        "quaternion": [
            -0.121761,
            0.115386,
            0.66559,
            0.727221
        ],
        "rotation": [
            [
                -0.94372,
                0.330695,
                0.00573696
            ],
            [
                -0.0234946,
                -0.0843294,
                0.996161
            ],
            [
                0.329909,
                0.939963,
                0.0873529
            ]
        ]
    },
    "1_CC32871A023.png": {
        "focal_length": [
            2365.44,
            2365.44
        ],
        "image_center": [
            2047.5,
            1499.5
        ],
        "translation": [
            -18.0889,
            466.448,
            1153.45
        ],
        "camera_pos": [
            1019.83,
            -391.652,
            -595.737
        ],
        "quaternion": [
            0.437048,
            -0.377954,
            0.547315,
            0.605464
        ],
        "rotation": [
            [
                -0.33228,
                -0.942953,
                0.0207305
            ],
            [
                0.115513,
                -0.018871,
                0.993127
            ],
            [
                -0.936081,
                0.332391,
                0.115194
            ]
        ]
    },
    "1_CC32871A027.png": {
        "focal_length": [
            2365.44,
            2365.44
        ],
        "image_center": [
            2047.5,
            1499.5
        ],
        "translation": [
            62.5747,
            498.183,
            1141.42
        ],
        "camera_pos": [
            801.015,
            -746.984,
            -596.094
        ],
        "quaternion": [
            0.245763,
            -0.260898,
            0.621421,
            0.696684
        ],
        "rotation": [
            [
                -0.743065,
                -0.666694,
                -0.0580815
            ],
            [
                0.0181837,
                -0.106872,
                0.994106
            ],
            [
                -0.668972,
                0.73763,
                0.0915359
            ]
        ]
    },
    "1_CC32871A029.png": {
        "focal_length": [
            2365.44,
            2365.44
        ],
        "image_center": [
            2047.5,
            1499.5
        ],
        "translation": [
            -8.77323,
            578.176,
            1245.98
        ],
        "camera_pos": [
            -68.2579,
            1068.26,
            -860.81
        ],
        "quaternion": [
            -0.787557,
            0.6156,
            0.0277016,
            0.00470357
        ],
        "rotation": [
            [
                0.998421,
                0.0415149,
                -0.0378421
            ],
            [
                0.0266975,
                0.242028,
                0.969902
            ],
            [
                0.0494242,
                -0.969381,
                0.240537
            ]
        ]
    },
    "1_CC32871A030.png": {
        "focal_length": [
            2365.44,
            2365.44
        ],
        "image_center": [
            2047.5,
            1499.5
        ],
        "translation": [
            -51.5124,
            477.471,
            1143.28
        ],
        "camera_pos": [
            985.464,
            456.35,
            -598.595
        ],
        "quaternion": [
            -0.623917,
            0.57566,
            -0.339443,
            -0.405119
        ],
        "rotation": [
            [
                0.441315,
                -0.896328,
                -0.0428532
            ],
            [
                0.114714,
                0.00898825,
                0.993358
            ],
            [
                -0.88999,
                -0.4433,
                0.106788
            ]
        ]
    },
    "1_CC32871A031.png": {
        "focal_length": [
            2365.44,
            2365.44
        ],
        "image_center": [
            2047.5,
            1499.5
        ],
        "translation": [
            20.2944,
            573.506,
            1258.66
        ],
        "camera_pos": [
            -816.184,
            704.305,
            -866.808
        ],
        "quaternion": [
            -0.714658,
            0.561764,
            0.246946,
            0.335712
        ],
        "rotation": [
            [
                0.65263,
                0.75729,
                0.0242174
            ],
            [
                -0.202387,
                0.143437,
                0.968744
            ],
            [
                0.730146,
                -0.637133,
                0.246877
            ]
        ]
    },
    "1_CC32871A032.png": {
        "focal_length": [
            2365.44,
            2365.44
        ],
        "image_center": [
            2047.5,
            1499.5
        ],
        "translation": [
            -90.9418,
            518.433,
            1293.03
        ],
        "camera_pos": [
            450.463,
            -1005.22,
            -857.661
        ],
        "quaternion": [
            0.162346,
            -0.159984,
            0.580788,
            0.781495
        ],
        "rotation": [
            [
                -0.896098,
                -0.439579,
                -0.0614769
            ],
            [
                0.0679112,
                -0.272659,
                0.959711
            ],
            [
                -0.438631,
                0.85582,
                0.274181
            ]
        ]
    },
    "1_CC32871A033.png": {
        "focal_length": [
            2365.44,
            2365.44
        ],
        "image_center": [
            2047.5,
            1499.5
        ],
        "translation": [
            -79.3055,
            543.101,
            1267.69
        ],
        "camera_pos": [
            725.324,
            795.305,
            -865.838
        ],
        "quaternion": [
            -0.743117,
            0.573998,
            -0.191215,
            -0.285903
        ],
        "rotation": [
            [
                0.763393,
                -0.644432,
                -0.0440253
            ],
            [
                0.205405,
                0.177572,
                0.962433
            ],
            [
                -0.612405,
                -0.743757,
                0.267927
            ]
        ]
    },
    "1_CC32871A034.png": {
        "focal_length": [
            2365.44,
            2365.44
        ],
        "image_center": [
            2047.5,
            1499.5
        ],
        "translation": [
            -63.0816,
            489.933,
            1294.86
        ],
        "camera_pos": [
            786.536,
            -752.2,
            -858.033
        ],
        "quaternion": [
            0.324467,
            -0.251833,
            0.535,
            0.738293
        ],
        "rotation": [
            [
                -0.662602,
                -0.748565,
                -0.0246736
            ],
            [
                0.209642,
                -0.216992,
                0.953396
            ],
            [
                -0.719034,
                0.626549,
                0.30071
            ]
        ]
    },
    "1_CC32871A035.png": {
        "focal_length": [
            2365.44,
            2365.44
        ],
        "image_center": [
            2047.5,
            1499.5
        ],
        "translation": [
            1.04098,
            409.445,
            1154.72
        ],
        "camera_pos": [
            353.297,
            1009.66,
            -597.31
        ],
        "quaternion": [
            -0.756577,
            0.634447,
            -0.11615,
            -0.107605
        ],
        "rotation": [
            [
                0.949861,
                -0.310204,
                0.0392129
            ],
            [
                0.0154414,
                0.171797,
                0.985011
            ],
            [
                -0.312291,
                -0.935018,
                0.167974
            ]
        ]
    },
    "1_CC32871A036.png": {
        "focal_length": [
            2365.44,
            2365.44
        ],
        "image_center": [
            2047.5,
            1499.5
        ],
        "translation": [
            13.7316,
            497.025,
            1507.71
        ],
        "camera_pos": [
            -749.184,
            -839.993,
            -1119.62
        ],
        "quaternion": [
            -0.314818,
            0.188446,
            0.4904,
            0.790497
        ],
        "rotation": [
            [
                -0.730756,
                0.682553,
                -0.0108411
            ],
            [
                -0.312897,
                -0.320795,
                0.893972
            ],
            [
                0.606706,
                0.656667,
                0.447991
            ]
        ]
    },
    "1_CC32871A037.png": {
        "focal_length": [
            2365.44,
            2365.44
        ],
        "image_center": [
            2047.5,
            1499.5
        ],
        "translation": [
            -60.6592,
            483.642,
            1129.97
        ],
        "camera_pos": [
            -65.3327,
            1072.78,
            -599.411
        ],
        "quaternion": [
            -0.742148,
            0.668017,
            0.0424052,
            0.0342362
        ],
        "rotation": [
            [
                0.994059,
                0.107471,
                -0.0172012
            ],
            [
                0.00583822,
                0.105162,
                0.994438
            ],
            [
                0.108683,
                -0.988631,
                0.10391
            ]
        ]
    },
    "1_CC32871A038.png": {
        "focal_length": [
            2365.44,
            2365.44
        ],
        "image_center": [
            2047.5,
            1499.5
        ],
        "translation": [
            -70.4378,
            447.76,
            1159.34
        ],
        "camera_pos": [
            1091.35,
            32.2807,
            -597.855
        ],
        "quaternion": [
            -0.541264,
            0.492908,
            -0.437864,
            -0.521872
        ],
        "rotation": [
            [
                0.0718496,
                -0.996594,
                -0.04047
            ],
            [
                0.133289,
                -0.0306173,
                0.990604
            ],
            [
                -0.988469,
                -0.0765688,
                0.130635
            ]
        ]
    },
    "1_CC32871A039.png": {
        "focal_length": [
            2365.44,
            2365.44
        ],
        "image_center": [
            2047.5,
            1499.5
        ],
        "translation": [
            2.61239,
            440.382,
            1340.31
        ],
        "camera_pos": [
            -381.929,
            -1054.49,
            -855.892
        ],
        "quaternion": [
            -0.131785,
            0.103961,
            0.570155,
            0.804206
        ],
        "rotation": [
            [
                -0.94365,
                0.330513,
                0.0169367
            ],
            [
                -0.0934167,
                -0.315112,
                0.944446
            ],
            [
                0.317488,
                0.889644,
                0.328231
            ]
        ]
    },
    "1_CC32871A040.png": {
        "focal_length": [
            2365.44,
            2365.44
        ],
        "image_center": [
            2047.5,
            1499.5
        ],
        "translation": [
            -72.6949,
            549.942,
            1114.14
        ],
        "camera_pos": [
            -483.494,
            974.617,
            -604.471
        ],
        "quaternion": [
            -0.699967,
            0.665431,
            0.180526,
            0.186167
        ],
        "rotation": [
            [
                0.865505,
                0.500876,
                -0.00496156
            ],
            [
                -0.0203661,
                0.0450859,
                0.998775
            ],
            [
                0.500486,
                -0.864344,
                0.0492229
            ]
        ]
    },
    "1_CC32871A041.png": {
        "focal_length": [
            2365.44,
            2365.44
        ],
        "image_center": [
            2047.5,
            1499.5
        ],
        "translation": [
            -146.867,
            411.631,
            1515.34
        ],
        "camera_pos": [
            32.8704,
            -1120.09,
            -1109.77
        ],
        "quaternion": [
            0.0573775,
            -0.0435732,
            0.500803,
            0.862558
        ],
        "rotation": [
            [
                -0.989618,
                -0.142626,
                -0.0176993
            ],
            [
                0.0553396,
                -0.491809,
                0.868943
            ],
            [
                -0.132638,
                0.858942,
                0.494596
            ]
        ]
    },
    "1_CC32871A042.png": {
        "focal_length": [
            2365.44,
            2365.44
        ],
        "image_center": [
            2047.5,
            1499.5
        ],
        "translation": [
            -58.6378,
            431.348,
            1502.69
        ],
        "camera_pos": [
            444.217,
            -1002.02,
            -1116.33
        ],
        "quaternion": [
            0.163911,
            -0.12706,
            0.488115,
            0.847781
        ],
        "rotation": [
            [
                -0.913978,
                -0.40196,
                -0.0554234
            ],
            [
                0.153881,
                -0.469754,
                0.869282
            ],
            [
                -0.375452,
                0.785976,
                0.491199
            ]
        ]
    },
    "1_CC32871A043.png": {
        "focal_length": [
            2365.44,
            2365.44
        ],
        "image_center": [
            2047.5,
            1499.5
        ],
        "translation": [
            -61.1165,
            448.124,
            1475.57
        ],
        "camera_pos": [
            360.905,
            1006.56,
            -1112.85
        ],
        "quaternion": [
            -0.857653,
            0.498343,
            -0.0777069,
            -0.100238
        ],
        "rotation": [
            [
                0.967828,
                -0.249388,
                0.033385
            ],
            [
                0.0944894,
                0.483212,
                0.870389
            ],
            [
                -0.233197,
                -0.839233,
                0.491231
            ]
        ]
    },
    "1_CC32871A044.png": {
        "focal_length": [
            2365.44,
            2365.44
        ],
        "image_center": [
            2047.5,
            1499.5
        ],
        "translation": [
            -42.2419,
            523.472,
            1298.39
        ],
        "camera_pos": [
            -1041.58,
            355.282,
            -866.308
        ],
        "quaternion": [
            -0.62339,
            0.485136,
            0.351179,
            0.502695
        ],
        "rotation": [
            [
                0.247943,
                0.967488,
                0.0499079
            ],
            [
                -0.286011,
                0.0238827,
                0.957929
            ],
            [
                0.925593,
                -0.251786,
                0.282633
            ]
        ]
    },
    "1_CC32871A046.png": {
        "focal_length": [
            2365.44,
            2365.44
        ],
        "image_center": [
            2047.5,
            1499.5
        ],
        "translation": [
            45.8421,
            435.177,
            1188.07
        ],
        "camera_pos": [
            -1055.5,
            354.937,
            -602.442
        ],
        "quaternion": [
            -0.615498,
            0.541856,
            0.366763,
            0.439362
        ],
        "rotation": [
            [
                0.344892,
                0.938319,
                0.0246581
            ],
            [
                -0.143386,
                0.0267056,
                0.989306
            ],
            [
                0.927626,
                -0.344739,
                0.143753
            ]
        ]
    },
    "1_CC32871A047.png": {
        "focal_length": [
            2365.44,
            2365.44
        ],
        "image_center": [
            2047.5,
            1499.5
        ],
        "translation": [
            11.9349,
            486.293,
            1501.78
        ],
        "camera_pos": [
            -995.667,
            -493.483,
            -1121.2
        ],
        "quaternion": [
            -0.456809,
            0.275967,
            0.440886,
            0.721656
        ],
        "rotation": [
            [
                -0.430336,
                0.902658,
                -0.00449495
            ],
            [
                -0.415977,
                -0.19389,
                0.888465
            ],
            [
                0.801108,
                0.384208,
                0.458923
            ]
        ]
    },
    "1_CC32871A048.png": {
        "focal_length": [
            2365.44,
            2365.44
        ],
        "image_center": [
            2047.5,
            1499.5
        ],
        "translation": [
            17.1716,
            430.118,
            1187.23
        ],
        "camera_pos": [
            -998.227,
            -491.525,
            -597.285
        ],
        "quaternion": [
            -0.404818,
            0.349714,
            0.552621,
            0.639087
        ],
        "rotation": [
            [
                -0.427644,
                0.903947,
                -0.000427077
            ],
            [
                -0.130909,
                -0.0614635,
                0.989487
            ],
            [
                0.894418,
                0.423204,
                0.144619
            ]
        ]
    },
    "1_CC32871A049.png": {
        "focal_length": [
            2365.44,
            2365.44
        ],
        "image_center": [
            2047.5,
            1499.5
        ],
        "translation": [
            -9.84074,
            506.329,
            1493.63
        ],
        "camera_pos": [
            -372.461,
            -1050.84,
            -1115.52
        ],
        "quaternion": [
            -0.154464,
            0.0838419,
            0.521095,
            0.835208
        ],
        "rotation": [
            [
                -0.938223,
                0.345398,
                -0.02093
            ],
            [
                -0.17064,
                -0.409202,
                0.896346
            ],
            [
                0.301032,
                0.844543,
                0.442862
            ]
        ]
    },
    "1_CC32871A050.png": {
        "focal_length": [
            2365.44,
            2365.44
        ],
        "image_center": [
            2047.5,
            1499.5
        ],
        "translation": [
            -49.8795,
            441.932,
            1292.91
        ],
        "camera_pos": [
            965.61,
            447.244,
            -858.47
        ],
        "quaternion": [
            -0.685377,
            0.494849,
            -0.290623,
            -0.448243
        ],
        "rotation": [
            [
                0.429233,
                -0.902059,
                -0.0452526
            ],
            [
                0.326802,
                0.108406,
                0.938855
            ],
            [
                -0.841997,
                -0.417777,
                0.341326
            ]
        ]
    },
    "1_CC32871A051.png": {
        "focal_length": [
            2365.44,
            2365.44
        ],
        "image_center": [
            2047.5,
            1499.5
        ],
        "translation": [
            -90.4742,
            487.788,
            1160.44
        ],
        "camera_pos": [
            453.262,
            -1014.87,
            -597.786
        ],
        "quaternion": [
            0.154345,
            -0.1773,
            0.649697,
            0.722935
        ],
        "rotation": [
            [
                -0.889485,
                -0.453545,
                -0.0557977
            ],
            [
                -0.00721973,
                -0.108142,
                0.994109
            ],
            [
                -0.456907,
                0.884648,
                0.092916
            ]
        ]
    },
    "1_CC32871A052.png": {
        "focal_length": [
            2365.44,
            2365.44
        ],
        "image_center": [
            2047.5,
            1499.5
        ],
        "translation": [
            -20.022,
            447.949,
            1329.5
        ],
        "camera_pos": [
            42.5768,
            -1112.01,
            -854.551
        ],
        "quaternion": [
            -0.0127272,
            -0.0271844,
            0.58087,
            0.813443
        ],
        "rotation": [
            [
                -0.998198,
                -0.0108754,
                -0.0590116
            ],
            [
                -0.0522869,
                -0.324856,
                0.944317
            ],
            [
                -0.0294401,
                0.945701,
                0.323702
            ]
        ]
    },
    "1_CC32871A055.png": {
        "focal_length": [
            2365.44,
            2365.44
        ],
        "image_center": [
            2047.5,
            1499.5
        ],
        "translation": [
            -100.335,
            569.505,
            1261.73
        ],
        "camera_pos": [
            -478.65,
            976.12,
            -862.81
        ],
        "quaternion": [
            -0.7572,
            0.590983,
            0.163243,
            0.225255
        ],
        "rotation": [
            [
                0.845224,
                0.534073,
                0.0190289
            ],
            [
                -0.148179,
                0.199999,
                0.968526
            ],
            [
                0.513458,
                -0.821441,
                0.248182
            ]
        ]
    },
    "1_CC32871A056.png": {
        "focal_length": [
            2365.44,
            2365.44
        ],
        "image_center": [
            2047.5,
            1499.5
        ],
        "translation": [
            -18.3434,
            576.912,
            1452.52
        ],
        "camera_pos": [
            -817.151,
            706.251,
            -1129.8
        ],
        "quaternion": [
            -0.760426,
            0.489477,
            0.227959,
            0.360831
        ],
        "rotation": [
            [
                0.635671,
                0.771932,
                0.00654521
            ],
            [
                -0.325609,
                0.260426,
                0.908932
            ],
            [
                0.699929,
                -0.579913,
                0.416894
            ]
        ]
    },
    "1_CC32871A057.png": {
        "focal_length": [
            2365.44,
            2365.44
        ],
